[ILPcarry, ILPblock, ILPjit, inflation, TDAcarry, TDAblock, TDAjit, TDAjitblock, TDAmix, CTcarry, CTblock, CTjit, CTmix]
input/30Tasks_300_0_S.npy
[9.2695310353137348, 10.247156175573572, 7.3532683997450006, 16.60551538099152, 7.5375407055526598, 7.4916305833119816, 7.3834568737176882, 7.4040468236574561, 7.3636175288268069, 9.5817787904373191, 8.7330989124532721, 7.7613096618760213, 7.7431668836374055]
input/30Tasks_500_0_S.npy
[9.6121480259905709, 10.695437124838362, 7.5967058714800393, 17.617295898720435, 7.7830172744064612, 7.7429797051798088, 7.6273700131709683, 7.6555687178923595, 7.6092281622147002, 9.9923005023567217, 9.0772598334584202, 8.0400353841601131, 8.025687692418451]
input/30Tasks_700_0_S.npy
[10.081815272038172, 11.259855840638263, 7.9712303585219653, 18.490803983436788, 8.1774596300773759, 8.1326065175404505, 8.0113170747833422, 8.0469315146773628, 7.9961469429752654, 10.535550037394795, 9.5443813626400456, 8.4387254611366327, 8.4250341985640009]
input/30Tasks_900_0_S.npy
[10.626929418260918, 11.88128740237692, 8.4055802473660215, 19.251722061059354, 8.6767336452052337, 8.6260859217389445, 8.4978595939060835, 8.5415538457932918, 8.4849330938929999, 11.122942271615839, 10.09942437533013, 8.9374270510840539, 8.9259377338614865]
input/30Tasks_1100_0_S.npy
[11.210714496970903, 12.490933914784497, 8.8801651347705164, 19.91998203680944, 9.2004370544750458, 9.1494082279083209, 9.0178311613925839, 9.0682780076267839, 9.0051681553175023, 11.720264851454974, 10.676541258146626, 9.4602759429115011, 9.4490494297200343]
input/30Tasks_1300_0_S.npy
[11.811313910967968, 13.113237755921668, 9.4051630635833821, 20.511208554459103, 9.7602391044086083, 9.707255366422272, 9.5768378832199925, 9.6278548426517041, 9.5631352090415049, 12.324229417250452, 11.268141494851644, 10.018787419759857, 10.007746888319986]
input/30Tasks_1500_0_S.npy
[12.424862674748283, 13.743791913951009, 9.9560634091560658, 21.037780397569332, 10.334801728256803, 10.282429651695846, 10.149672031896873, 10.201336210252592, 10.137267681274723, 12.936027304267848, 11.874325003965364, 10.598511421055123, 10.587610268318493]
