[ILPcarry, ILPblock, ILPjit, inflation, Trinity, TDAcarry, TDAblock, TDAjit, TDAjitblock, TDAmix, CTcarry, CTblock, CTjit, CTmix]
input/30Tasks_300_0_S.npy
Gmean:
[9.0000000000000018, 11.000000000000002, 7.9999999999999982, 30.000000000000004, 6.0, 6.0, 6.0, 6.0, 6.0, 10.000000000000002, 7.9999999999999982, 6.9999999999999991, 6.9999999999999991]
input/30Tasks_450_0_S.npy
Gmean:
[10.816653826391969, 11.958260743101397, 8.4852813742385695, 30.000000000000004, 7.7459666924148358, 7.7459666924148358, 7.3484692283495345, 7.3484692283495345, 7.3484692283495345, 11.832159566199229, 9.7979589711327115, 8.3666002653407574, 8.3666002653407574]
input/30Tasks_600_0_S.npy
Gmean:
[12.062177275767178, 13.177064549055729, 9.2521300183654862, 30.000000000000004, 8.7065876911736133, 8.7065876911736133, 8.4061179919661608, 8.4061179919661608, 8.4061179919661608, 13.084265240754359, 10.766425224174567, 9.1656564543302252, 9.1656564543302252]
input/30Tasks_750_0_S.npy
Gmean:
[12.737731642481702, 14.245645450573766, 9.8736245044882853, 30.000000000000004, 9.6243591690707024, 9.8043316307427801, 9.5494557395395052, 9.5494557395395052, 9.5494557395395052, 13.969286835139709, 11.887311464803366, 10.002499063046502, 10.002499063046502]
input/30Tasks_900_0_S.npy
Gmean:
[13.798262290190053, 15.245852163668141, 10.432057111480795, 30.000000000000004, 10.654214940753661, 10.674625463871729, 10.452042041766781, 10.452042041766781, 10.452042041766781, 15.008779839361809, 12.768994440410912, 10.987801675826299, 10.987801675826299]
input/30Tasks_1050_0_S.npy
Gmean:
[14.553895880536588, 15.951373572439751, 11.08298740862023, 30.000000000000004, 11.401304433285384, 11.419502979318025, 11.220725904658407, 11.220725904658407, 11.220725904658407, 15.872952075892991, 13.760543287054187, 11.698019486279136, 11.816816646219216]
input/30Tasks_1200_0_S.npy
Gmean:
[15.438817642390759, 16.807469664664289, 11.781445152442274, 29.999999999999989, 12.070894480926379, 12.186511096936586, 12.09753942700746, 12.004459311269885, 12.09753942700746, 16.838686456249039, 14.617120449071395, 12.53729800985519, 12.646350841610323]
input/30Tasks_1350_0_S.npy
Gmean:
[16.314121335855191, 17.572799313266792, 12.58715251650391, 30.000000000000004, 12.93598292536892, 13.044332985254803, 13.036552277018574, 12.948743066679421, 13.036552277018574, 17.601354470073002, 15.469279164592631, 13.450278923832006, 13.552593366731758]
input/30Tasks_1500_0_S.npy
Gmean:
[17.253404630627795, 18.431713300997469, 13.522909234985381, 30.000000000000004, 13.918512726612937, 14.02209096475219, 14.014656119973514, 13.930715893968163, 14.014656119973514, 18.458333886279846, 16.388001535540738, 14.409316156179832, 14.506705949293547]
input/30Tasks_1650_0_S.npy
Gmean:
[17.905288694328778, 19.076841467493999, 14.321359409347739, 30.000000000000004, 14.758001449406661, 14.85680773202545, 14.789221907969228, 14.769646215292804, 14.789221907969228, 19.026865519862547, 17.094932773034326, 15.225551555545449, 15.318136248077096]
