[ILPcarry, ILPblock, ILPjit, inflation, Trinity, TDAcarry, TDAblock, TDAjit, TDAjitblock, TDAmix, CTcarry, CTblock, CTjit, CTmix]
input/30Tasks_1200_0_S.npy
Gmean:
[21.962741990741566, 22.367688225339993, 17.582254983349262, 30.000000000000004, 18.571702787422389, 18.371960611397391, 18.174366700253643, 18.371960611397391, 18.383322376802436, 22.178104195057742, 20.758214935177858, 18.753813147407957, 18.753813147407957]
input/30Tasks_1350_0_S.npy
Gmean:
[23.490198546888365, 23.90494823112018, 19.099183945319904, 30.000000000000004, 20.283079793355032, 20.173710747480946, 19.967272737001608, 20.173710747480946, 19.996443845946622, 23.713504881866381, 22.210055154245673, 20.377656527260971, 20.377656527260971]
input/30Tasks_1500_0_S.npy
Gmean:
[23.905084719208965, 24.455612391191124, 19.709876892055881, 30.000000000000028, 20.772561427756528, 20.633730464935823, 20.492725692355158, 20.697821895632675, 20.512680013883017, 24.129654924101434, 22.726781934790392, 21.028957315764703, 21.028957315764703]
input/30Tasks_1650_0_S.npy
Gmean:
[24.638649265975427, 25.200476370339974, 20.734626197208783, 30.000000000000004, 21.704106435935017, 21.549317311263636, 21.48775700972346, 21.693079688316512, 21.457737239121119, 24.857201148117738, 23.589779621033383, 21.90471849036641, 21.90471849036641]
