[ILPcarry, ILPblock, ILPjit, inflation, TDAcarry, TDAblock, TDAjit, TDAjitblock, TDAmix, CTcarry, CTblock, CTjit, CTmix]
input/20Tasks_200_0_S.npy
[6.1684977693559926, 6.862833126674305, 4.8773006832153376, 11.892071150027208, 4.8447595789444593, 4.8359345852347699, 4.7882876381778514, 4.7818980380221827, 4.7731875500364982, 6.3581814959550202, 5.7242489202000693, 5.0427735122419088, 5.0427735122419088]
input/20Tasks_400_0_S.npy
[6.8375045791462004, 7.6331519379550024, 5.354667558710914, 13.19507910772894, 5.4402628506097912, 5.4212785542520221, 5.3397053480407468, 5.3442079982518056, 5.3155321770093318, 7.1122979622395537, 6.3954736453061516, 5.647701723872852, 5.647701723872852]
input/20Tasks_600_0_S.npy
[7.6080176853398687, 8.4662832728428494, 5.9519639350926052, 14.142135623730955, 6.1291482088668774, 6.0971729498925447, 6.0131867525101832, 6.0206237757663628, 5.9943007034683271, 7.9344844150893836, 7.1598098590904238, 6.3305134211406084, 6.327386583533972]
input/20Tasks_800_0_S.npy
[8.4189817983766417, 9.3234783851534431, 6.6220427918453586, 14.859942891369485, 6.8646278141583137, 6.82544323188087, 6.7308472477133492, 6.7410645719697664, 6.7127231288435611, 8.7510196696838847, 7.9513852988898295, 7.0766264207911389, 7.0676087224115953]
input/20Tasks_1000_0_S.npy
[9.2081252200744483, 10.109868630767512, 7.3401586253602549, 15.422108254079415, 7.6056311817729361, 7.5651884035336936, 7.468065756300855, 7.4807308653162057, 7.4454945254382316, 9.5235809384228407, 8.7321791826948161, 7.8202377181081868, 7.8115174056338317]
