[ILPcarry, ILPblock, ILPjit, inflation, TDAcarry, TDAblock, TDAjit, TDAjitblock, TDAmix, CTcarry, CTblock, CTjit, CTmix]
input/30Tasks_300_1_S.npy
[9.3171925632362935, 10.361838710349682, 7.4770807319962902, 16.605515380991573, 7.5825208166383229, 7.5698732124144454, 7.4640126928421289, 7.4916948504090142, 7.455347371540376, 9.5162458454501699, 8.7191314596484712, 7.7894021060852232, 7.7856151346529092]
input/30Tasks_500_1_S.npy
[9.6509628671492287, 10.778457026461753, 7.7220546425679197, 17.61729589872057, 7.8462391483095502, 7.8311583537849208, 7.7107828871798683, 7.7365157508230071, 7.6997897587754318, 9.9037521091452341, 9.0682608425063833, 8.0658975591631794, 8.0592951005009219]
input/30Tasks_700_1_S.npy
[10.084611599826845, 11.294092854524749, 8.0790010730934601, 18.490803983436994, 8.243397861147054, 8.2246675739794703, 8.1010258042611074, 8.1235854309648055, 8.0905255863066881, 10.397286128036265, 9.5216379709902359, 8.4753209050496174, 8.4691965334555341]
input/30Tasks_900_1_S.npy
[10.619812011311007, 11.892189409282286, 8.5059078349021675, 19.251722061059617, 8.7285252039859458, 8.7065967450139556, 8.5815488954711334, 8.6033120748569125, 8.5693812325789782, 10.979033501106617, 10.067628151090549, 8.9693838078773727, 8.9615142733770341]
input/30Tasks_1100_1_S.npy
[11.212809445958094, 12.511459993168016, 8.9840194806509306, 19.919982036809767, 9.2623696547223595, 9.2349604420728735, 9.1111074205251814, 9.1400425801279059, 9.0992596484405635, 11.596773778425783, 10.658025859891438, 9.5132562561857306, 9.5055513352898107]
input/30Tasks_1300_1_S.npy
[11.821162982306886, 13.150678406712627, 9.5116640664212273, 20.511208554459415, 9.8308919000847474, 9.8010582766488756, 9.6726797232742676, 9.7065224276371804, 9.6596529352219633, 12.221700607970012, 11.262041098074286, 10.083542452841435, 10.074402381313764]
input/30Tasks_1500_1_S.npy
[12.452302938428041, 13.785387773281212, 10.064590992103657, 21.037780397569538, 10.407730631590089, 10.38199767911469, 10.248065375125796, 10.281475068376894, 10.236405570266529, 12.851279620321442, 11.875837661869483, 10.667031130406643, 10.658006489535012]
