[ILPcarry, ILPblock, ILPjit, inflation, TDAcarry, TDAblock, TDAjit, TDAjitblock, TDAmix, CTcarry, CTblock, CTjit, CTmix]
input/20Tasks_200_3_S.npy
[6.2808392279613701, 6.9032619726845326, 4.8572092624042886, 11.892071150027176, 4.9620624653892893, 4.9554409761436347, 4.904289763922411, 4.9232205916739753, 4.904289763922411, 6.3695871211127777, 5.7393249449352988, 5.0999372117194204, 5.085286690221035]
input/20Tasks_400_3_S.npy
[6.902375137884337, 7.7201483305960439, 5.3566350759804147, 13.195079107728894, 5.5229869173108135, 5.4974276024831976, 5.4461629908824731, 5.4739689426246256, 5.4461629908824731, 7.0994503135713769, 6.427882979757257, 5.6603811763225957, 5.6372966351885392]
input/20Tasks_600_3_S.npy
[7.6354212515227982, 8.5342681192645191, 5.9533874653521943, 14.142135623730885, 6.1998802191816118, 6.1759611099745255, 6.1101285307398818, 6.1357745994071156, 6.1101285307398818, 7.8908686656222136, 7.180491087567904, 6.3435461241783901, 6.3179641765869423]
input/20Tasks_800_3_S.npy
[8.465545886145204, 9.3928362187267282, 6.6623014449295148, 14.859942891369412, 6.9455903640979004, 6.9198873091976552, 6.8534786071704943, 6.8754167810176936, 6.8507771901796239, 8.7206637890803691, 7.9932240806410766, 7.0971402713438687, 7.0726009031532042]
input/20Tasks_1000_3_S.npy
[9.2394635734949038, 10.183143239268677, 7.3913104226159305, 15.422108254079381, 7.685790804530602, 7.658576217598406, 7.5868957163072537, 7.6130533663489368, 7.586726744730985, 9.4943748693211472, 8.7447757071291417, 7.8397805944779266, 7.8135349270304513]
