[ILPcarry, ILPblock, ILPjit, inflation, TDAcarry, TDAblock, TDAjit, TDAjitblock, TDAmix, CTcarry, CTblock, CTjit, CTmix]
input/30Tasks_300_3_S.npy
[9.3307959315478488, 10.373761328332812, 7.4318934111775015, 16.605515380991573, 7.6237679760374464, 7.6082610460574331, 7.5090312661251231, 7.5320394804123278, 7.5088826104586319, 9.5710790266563723, 8.756681106690877, 7.7872409430705583, 7.768672620727302]
input/30Tasks_500_3_S.npy
[9.6597216230152938, 10.80711362108806, 7.6786030192423613, 17.61729589872057, 7.8708912574474379, 7.8504930268463458, 7.7443331493209948, 7.7656861577632537, 7.7409321247133738, 9.9623067410479376, 9.1006653905267871, 8.0523547113362177, 8.0322761384560319]
input/30Tasks_700_3_S.npy
[10.088411127137809, 11.322842417337327, 8.044630352625763, 18.490803983436994, 8.2729160012754672, 8.2441749922237708, 8.132209415128246, 8.1525909334796989, 8.1265969471204773, 10.481022603045551, 9.5779839697931166, 8.4772909616051813, 8.4557932749239075]
input/30Tasks_900_3_S.npy
[10.601926654501929, 11.905496254727844, 8.4728411395080325, 19.251722061059617, 8.7527874425553627, 8.7194789603281677, 8.5988503103251599, 8.624183026350968, 8.5900369781653918, 11.049741814278169, 10.108052463155625, 8.9533689824189313, 8.9342559471582312]
input/30Tasks_1100_3_S.npy
[11.189455757984323, 12.540319528149706, 8.942116715063273, 19.919982036809767, 9.2781859115592571, 9.2395177506685915, 9.12103925699288, 9.1492321585795509, 9.1108936689533113, 11.663625994379528, 10.680448805794979, 9.4754657735782555, 9.4600296126552408]
input/30Tasks_1300_3_S.npy
[11.795274611029544, 13.163804686876178, 9.4620339023193569, 20.511208554459415, 9.8333839496186304, 9.7966255622612319, 9.6706317488285283, 9.7023281661227614, 9.6593588352150697, 12.282439594873846, 11.266312579831697, 10.03795382761003, 10.022768487541097]
input/30Tasks_1500_3_S.npy
[12.424264198589116, 13.800512730152855, 10.019578704495903, 21.037780397569538, 10.411585875220037, 10.370390260364266, 10.244951506766052, 10.279688237911882, 10.233804843068961, 12.908230332558379, 11.875005580802625, 10.622153358097513, 10.607154762913533]
