[ILPcarry, ILPblock, ILPjit, inflation, TDAcarry, TDAblock, TDAjit, TDAjitblock, TDAmix, CTcarry, CTblock, CTjit, CTmix]
input/20Tasks_200_2_S.npy
[6.262461027207249, 6.9418155029204014, 5.0411969784403139, 11.892071150027176, 4.9846802861282642, 4.9788126345968875, 4.8658798511912336, 4.8723816683373595, 4.8658798511912336, 6.3999792782632747, 5.853554888271522, 5.1531774726834012, 5.1437906789653001]
input/20Tasks_400_2_S.npy
[6.8562767367778239, 7.6806598154220111, 5.4695407215575109, 13.195079107728894, 5.4655746028172665, 5.4494597685049389, 5.3446342888649871, 5.3560653190824201, 5.3389279256448656, 7.0908040572322806, 6.4699737896857732, 5.6635390972176456, 5.6552844365700565]
input/20Tasks_600_2_S.npy
[7.6739797085096164, 8.5566656346826111, 6.0702177518444529, 14.142135623730885, 6.1721578514751458, 6.1501358188090363, 6.0293644268918882, 6.0538586825313097, 6.0239994190456629, 7.9349357530377285, 7.2462761339171395, 6.3622939945530046, 6.3505290541114237]
input/20Tasks_800_2_S.npy
[8.4831894030743662, 9.3827092238542953, 6.748188826142461, 14.859942891369412, 6.901775203011506, 6.872127499201393, 6.7450239982978442, 6.7713711881364613, 6.737025701420305, 8.7624511474886706, 8.0287695655271971, 7.0991140029729278, 7.0878604214859982]
input/20Tasks_1000_2_S.npy
[9.2454355518360796, 10.14862446623156, 7.4471943639716951, 15.422108254079381, 7.6265314529529471, 7.5954064811508131, 7.4697653457942881, 7.4928717191753842, 7.4596067350345923, 9.528705027059587, 8.777139953805289, 7.8169977823767836, 7.8061540771633258]

