[ILPcarry, ILPblock, ILPjit, inflation, Trinity, TDAcarry, TDAblock, TDAjit, TDAjitblock, TDAmix, CTcarry, CTblock, CTjit, CTmix]
input/20Tasks_200_3_S.npy
[6.3713956989432416, 6.7282852568202518, 5.1597383750318704, 10.650410894399631, 5.2229031668809345, 5.1733505495641614, 5.0890142375580085, 5.1389649439516072, 5.0675349996341064, 6.6372240427270119, 5.9762418406761233, 5.3216950205129852, 5.3177772910529013]
input/20Tasks_300_3_S.npy
[6.520554687238584, 6.9094948332527188, 5.254143292000216, 11.22462048309373, 5.310843128088238, 5.264636766008655, 5.1694615204756591, 5.2159545332016952, 5.1441682164310603, 6.8208182982616625, 6.1090149380037273, 5.4278984985102703, 5.4186639973203707]
input/20Tasks_400_3_S.npy
[6.7306752893485671, 7.1370628566389209, 5.4023702470792765, 11.734604600046268, 5.4713474196334015, 5.4296220013860896, 5.3216892422692172, 5.3722121148786766, 5.3020045509112226, 7.0624957876402217, 6.3117855556725244, 5.5947799381927981, 5.5819457665350196]
input/20Tasks_500_3_S.npy
[6.9711604497129365, 7.4037553294110161, 5.5801754717410255, 12.190136542044762, 5.6791983398070984, 5.640506224917698, 5.536119375441233, 5.5850676926101794, 5.5120841552396138, 7.3401860393128304, 6.5562199053849586, 5.8150919889641406, 5.8061988698598856]
input/20Tasks_600_3_S.npy
[7.2574151083643565, 7.7155670486114243, 5.7930145580358019, 12.599210498948743, 5.9295112217078083, 5.8872801463008875, 5.7723611780719004, 5.8316445527071483, 5.7520448633538344, 7.6446856637137408, 6.8411485514778958, 6.0680250073044926, 6.0593632939226243]
input/20Tasks_700_3_S.npy
[7.5616828706567336, 8.0323815897749835, 6.0234260026436015, 12.968395546510102, 6.1889684360078769, 6.1399580075442026, 6.0301313176689426, 6.0854186646881425, 6.0078471234407429, 7.9560711143329472, 7.1338282982390435, 6.3273134925577299, 6.3202204513529727]
input/20Tasks_800_3_S.npy
[7.8640959365975709, 8.3416653341143068, 6.274126739046892, 13.303120581981224, 6.4662747585446843, 6.4156521785829437, 6.3033038925304048, 6.3575929018610777, 6.2813780275712743, 8.2671743767482671, 7.429608406701643, 6.6081866043438007, 6.6035294946996013]
input/20Tasks_900_3_S.npy
[8.1783641590160556, 8.6621245941512708, 6.5350017645430922, 13.607900001743772, 6.7546229198014318, 6.7024618865995986, 6.5887316703299321, 6.6442849035797291, 6.5660773492411435, 8.5811102698931663, 7.7371007024917695, 6.8967355557205003, 6.8941904814923323]
input/20Tasks_1000_3_S.npy
[8.4984816562854348, 8.9885914692708635, 6.8179461302401476, 13.886511426146564, 7.0439630611613939, 6.9943860560980893, 6.8798994730694361, 6.9348424803530575, 6.859415049890921, 8.8948521991404021, 8.047311913632436, 7.1902800799284261, 7.1877663083649406]
input/20Tasks_1100_3_S.npy
[8.8107779529044183, 9.2995586560277399, 7.1038381703198743, 14.142135623730955, 7.3377440639567943, 7.2886729427039461, 7.17354811411212, 7.2278478078236583, 7.153255797629126, 9.2018918401546586, 8.3544778402632556, 7.4852486883682481, 7.4827626167426669]
