[ILPcarry, ILPblock, ILPjit, inflation, Trinity, TDAcarry, TDAblock, TDAjit, TDAjitblock, TDAmix, CTcarry, CTblock, CTjit, CTmix]
input/10Tasks_100_3_S.npy
[3.365865436338598, 3.5468449095979873, 2.6962934130709013, 10.000000000000002, 2.4297064132282125, 2.3906178044561481, 2.3143170182107013, 2.3521580450493471, 2.2770847699000192, 3.648208035770002, 3.0698443330427456, 2.6349480174440072, 2.6349480174440072]
input/10Tasks_150_3_S.npy
[3.8367223585186192, 4.0816776158384149, 2.9439935293790849, 10.000000000000007, 2.8762328982478356, 2.8366349499917352, 2.711851633902806, 2.7815320911704258, 2.6899493357871536, 4.1919628346071836, 3.5832670315943087, 3.0125339508929652, 3.0125339508929652]
input/10Tasks_200_3_S.npy
[4.2202482526950309, 4.5151278094021459, 3.294066274078987, 10.000000000000002, 3.23471233048625, 3.2049549607823753, 3.0843020163184014, 3.1462589517029751, 3.0676726496671258, 4.607283616985919, 3.9717293789906201, 3.3578522423965618, 3.3478766486959119]
input/10Tasks_250_3_S.npy
[4.6377755261961875, 4.9733916151883104, 3.5596930361373076, 10.000000000000002, 3.6023622765138792, 3.5709623697129609, 3.4542065128275166, 3.5061175570126348, 3.4339627010640639, 4.9947615611662375, 4.3687843789610268, 3.7032201995546723, 3.6949659153648891]
input/10Tasks_300_3_S.npy
[4.9634348520907396, 5.3300384526053755, 3.860335847629381, 10.000000000000002, 3.9306808566184013, 3.8975585117816038, 3.7842181450292811, 3.8408345847811876, 3.7664654133150282, 5.3128912411702007, 4.6914003199629066, 4.0460663713485134, 4.0388499854731599]
input/10Tasks_350_3_S.npy
[5.276147779347335, 5.6515333428197421, 4.0946012704163479, 10.000000000000002, 4.2145910695537694, 4.1755975980174806, 4.082543895890308, 4.1434408757113514, 4.0624004756250907, 5.6059888586899254, 4.9841435951603845, 4.3166307024864992, 4.3146457140395809]
input/10Tasks_400_3_S.npy
[5.5954789315173423, 5.9566373991396953, 4.3723831967966706, 10.000000000000002, 4.5207656840168342, 4.4667600845071131, 4.3769277786343697, 4.444035715258404, 4.3550860951562109, 5.8990330074141033, 5.2791192327319063, 4.6138776352539068, 4.6120589956765352]
input/10Tasks_450_3_S.npy
[5.887553943413578, 6.2483285244700282, 4.647902548517048, 10.000000000000007, 4.8059467674461844, 4.752499136460556, 4.6628987366089083, 4.7217543606214418, 4.638955365491352, 6.172880130381718, 5.5412703923409738, 4.8919442297048992, 4.8902569743453048]
input/10Tasks_500_3_S.npy
[6.1409377228843196, 6.4948731272766613, 4.9099854443542421, 10.000000000000007, 5.0637666524275486, 5.0136779225227306, 4.9237198719982764, 4.9818794805315818, 4.9012399791472596, 6.4119342963928183, 5.7984874318105781, 5.1472839839586459, 5.1426529578115705]
input/10Tasks_550_3_S.npy
[6.3725400902736142, 6.7240576036995794, 5.1491456222680689, 10.000000000000007, 5.3022213198407586, 5.2469119763963246, 5.1621068864097124, 5.2225285276986622, 5.1381454359736267, 6.6188461975786534, 6.0132101237265232, 5.3837368024859957, 5.37937721923082]
