[ILPcarry, ILPblock, ILPjit, inflation, Trinity, TDAcarry, TDAblock, TDAjit, TDAjitblock, TDAmix, CTcarry, CTblock, CTjit, CTmix]
input/30Tasks_300_3_S.npy
[8.8226120452661796, 9.3329305251703172, 7.1129428216362394, 14.657762371711033, 7.299545584765756, 7.2551770061963872, 7.1316046158209661, 7.1872263913081298, 7.1123903033879623, 9.2323199778821454, 8.3557220173867393, 7.4561377595808134, 7.4537792618534615]
input/30Tasks_450_3_S.npy
[8.9375056102521953, 9.4776093334532607, 7.1905081367088863, 15.142810088261065, 7.3623847642460092, 7.322632737396793, 7.1980165567953218, 7.254373851266549, 7.1764293535562684, 9.3756400470953238, 8.4704303869743143, 7.5326569723131662, 7.5260561383207207]
input/30Tasks_600_3_S.npy
[9.1237134320404163, 9.6844145904155869, 7.3264480517552384, 15.599684464426469, 7.5041212880639856, 7.4597878832760092, 7.3382230531818049, 7.3943791931940908, 7.3160636652251529, 9.5831566833666084, 8.6543482709594812, 7.6779105669510708, 7.6671114979539698]
input/30Tasks_750_3_S.npy
[9.3347884140797497, 9.9191453506537854, 7.4992283596495026, 16.030585101145409, 7.6945896447566957, 7.646285715505166, 7.5278369556286782, 7.5820235054318532, 7.5032597543028876, 9.8212870579334552, 8.8688404812457904, 7.8679862197465056, 7.8575253027289556]
input/30Tasks_900_3_S.npy
[9.5902291264824093, 10.190320498600741, 7.6963055877702891, 16.437518295172264, 7.9163993489012308, 7.8662844295954679, 7.7448346848708134, 7.8002357538091065, 7.7206500261394622, 10.098302418424584, 9.1218771081262151, 8.095581583677637, 8.0836293339794878]
input/30Tasks_1050_3_S.npy
[9.871580014609723, 10.485234279810609, 7.9095907896044881, 16.822311574409703, 8.1629939149208788, 8.1098486301459509, 7.9837526029410055, 8.0421556125757991, 7.961921901138278, 10.393317539193431, 9.3972677926348851, 8.3454802713405094, 8.3336681934952583]
input/30Tasks_1200_3_S.npy
[10.166602544103773, 10.793926055392657, 8.1456253407258359, 17.186628679870871, 8.4266721576801302, 8.3726500695658963, 8.2446822319080244, 8.3027182651489628, 8.2223132856862051, 10.69692993438357, 9.6856254552209471, 8.6118632868597285, 8.5993970946659015]
input/30Tasks_1350_3_S.npy
[10.471310640590625, 11.108493861764092, 8.4041798886488976, 17.531984225711479, 8.7062189079342485, 8.6517607678376276, 8.5207334483415611, 8.5809275125061966, 8.4977837114713708, 11.006310575934927, 9.9865305881724051, 8.8931566337038692, 8.8807426949768473]
input/30Tasks_1500_3_S.npy
[10.794392109933002, 11.439843234175742, 8.6784646689891822, 17.859757605994339, 8.9993731317545453, 8.9416754362670883, 8.8120256689159113, 8.8720983150002652, 8.7885927937226835, 11.331079933180261, 10.296907236243975, 9.1870023703479422, 9.1740576615886535]
input/30Tasks_1650_3_S.npy
[11.120733554800452, 11.768793896475035, 8.967788351112377, 18.171205928321406, 9.3003197618867262, 9.2421709470692743, 9.1120383885285463, 9.1721001056280613, 9.0891301300427649, 11.656024755783324, 10.616260233410838, 9.4908195561408242, 9.478387870255478]
